a = 1
a <- 1
a = c(1, 2, 3)